Similarity = 1.0000000000000004 Doc= 2286
Similarity = 1.0000000000000004 Doc= 2287
Similarity = 1.0000000000000004 Doc= 2288
Similarity = 1.0000000000000004 Doc= 2289
